200000 128 -0.2981592E-02 0.2211398E-02 1 100
0.0 0.0 0.0 /
1.0 0.0 0.0  /
0.13 100d6 0.511005d+06 -1.0 1.3d9
!----------------

!output
0.0 0 102 -2 1 /

!L1
0.0 0 1 -41 1.0 41 1.0 /
16.6 2 1 103 0.3e-3 0.13698795E+08 1.3e9 -28.5  0.0 0.0 /
0.0 0 1 -41 1.0 41 -1.0 /

!output
0.0 0 104 -2 1 /

!HL/
0.0 0 1 -41 1.0 42 1.0 /
5.53 2 1 103 0.3e-3 0.9168E+07 3.9e9 -170 0.0 0.0 /
0.0 0 1 -41 1.0 42 -1.0 /

!output
0.0 0 106 -2 1 /

!BC1
!0.203558243263 10 1 4 0.3e-3 2.44781923989 -0.079148634163993 0.105531512218657 0.09962502193 2.01 0.0 / 1.005x
0.203558243263 10 -1 4 0.3e-3 0.053 -0.0795 0.106 0.0 0.0 0.0 / 1.005x

!output
0.0 0 108 -2 1 /

!L2
0.0 0 1 -41 1.0 41 1.0 /
99.6 4 1 103 0.2e-3 0.13814E+08 1.3e9 -24.7 0.0 0.0/
0.0 0 1 -41 1.0 41 -1.0 /

!output
0.0 0 110 -2 1 /

!BC2
!0.549165215621 10 1 4 0.2e-3 9.86910678674 -0.059542132248146 0.0793895096641947 0.05588589286 2.01 0.0  / 1.005x
0.203558243263 10 -1 4 0.3e-3 0.045 -0.0675 0.09 0.0 0.0 0.0 / 1.005x

!output
0.0 0 112 -2 1/

!L3
!!0.0 0 1 -41 1.0 41 1.0 /
!!166 2 1 103 0.2e-3 0.1506E+08 1.3e9 0.0 -1.01 1.0 /
!!0.0 0 1 -41 1.0 41 -1.0 /

!100.187336314 1 10 0 0.2e-3 /
!193.468002 1 10 0 0.2e-3 /
!--- RW wake RWWAKE1
!0.0 0 1 -41 24.0 46 1.0 /
!1 1 10 0 1.0 /
!0.0 0 1 -41 1. 46 -1.0 /
!80.329601 1 10 0 0.2e-3 /
!97.748578593 1 10 0 0.2e-3 /

!output
!!0.0 0 220 -2 1024.0 /
