 200000 128 -0.2981592E-02 0.2211398E-02 1 100
0.0 0.0 0.0 /
1.0 0.0 0.0  /
0.13 100d6 0.511005d+06 -1.0 1.3d9
!----------------


!0.0 0 1 -38 80e3 0.0 0.0 0.0 /!name: LH

!output
0.0 0 102 -2 1 /!name: DumpLH


!74.9744159418 1 10 0 0.3e-3 /!name: D1

!L1
0.0 0 1 -41 1.0 41 1.0 /!name:Wake1
16.6 2 1 103 0.3e-3 0.13698795E+08 1.3e9 -28.5  -1.01 1.0 /!name: L1
0.0 0 1 -41 1.0 41 -1.0 /!name:Wake1off

8.5305163742 1 10 0 0.3e-3 /!name: D2

!output
0.0 0 104 -2 1 /!name: DumpL1

!HL/
0.0 0 1 -41 1.0 42 1.0 /!name: Wake2
5.53 2 1 103 0.3e-3 0.9168E+07 3.9e9 -170 -1.01 1.0 /!name: HL
0.0 0 1 -41 1.0 42 -1.0 /!name: Wake2off

!output
0.0 0 106 -2 1 /!name: DumpHL

12.518616788 1 10 0 0.3e-3 /!name: D3
7.256313209 1 10 0 0.3e-3 /!name: D4
0.0 0 1 -39 5.4628d6 0.0 0.0 0.0 /!name: EBC1

!BC1
0.203558243263 10 1 4 0.3e-3 2.44781923989 0.0 0.0 0.10127835178815973 2.01 1.0 / 1.005x !name: BC1
!0.203558243263 10 -1 4 0.3e-3 0.053 -0.0795 0.106 0.0 0.0 0.0 / 1.005x !name: BC1

!output
0.0 0 108 -2 1 /!name: DumpBC1

50.497160326 1 10 0 0.2e-3 /!name: D5

!L2
0.0 0 1 -41 1.0 41 1.0 /!name: Wake3
99.6 4 1 103 0.2e-3 0.13814E+08 1.3e9 -24.7 0.0 0.0/!name: L2
0.0 0 1 -41 1.0 41 -1.0 /!name: Wake3off

!output
0.0 0 110 -2 1 /!name: DumpL2

53.693543574 1 10 0 0.2e-3 /!name: D6
23.684874436 1 10 0 0.2e-3 /!name: D7
0.0 0 1 -39 5.4628d6 0.0 0.0 0.0 /!name: EBC2


!BC2
0.549165215621 10 1 4 0.2e-3 9.86910678674 0.0 0.0 0.04688595141399057 2.01 1.0  / 1.005x !name: BC2
!0.203558243263 10 -1 4 0.3e-3 0.045 -0.0675 0.09 0.0 3.01 1.0 / 1.005x !name: BC2

!output
0.0 0 112 -2 1/!name: DumpBC2

34.162976438 1 10 0 0.2e-3 /!name: D8

!L3
0.0 0 1 -41 1.0 41 1.0 /!name: Wake4
166 2 1 103 0.2e-3 0.1506E+08 1.3e9 0.0 0.0 0.0 /!name: L3
0.0 0 1 -41 1.0 41 -1.0 /!name: Wake4off

100.187336314 1 10 0 0.2e-3 /!name: D9
193.468002 1 10 0 0.2e-3 /!name: D10

!100.187336314 1 10 0 0.2e-3 /
!193.468002 1 10 0 0.2e-3 /

!output
0.0 0 114 -2 1/!name: DumpL3



!

105.6 1 10 0 0.2e-3 /!name:EXIT_DOG

0.0 0 1 -41 105.6 46 1.0 /!name: WakeDOG
1 1 10 0 1.0/!name: WakeDOGd
0.0 0 1 -41 105.6 46 -1.0 /!name: WakeDOGoff

!output
0.0 0 116 -2 1/!name: DumpDOG



2035.2 1 10 0 0.3e-3 /!name:BYP

0.0 0 1 -41 2035.2 46 1.0 /!name: WakeBYP
1 1 10 0 1.0/!name: WakeBYPd
0.0 0 1 -41 2035.2 46 -1.0 /!name: WakeBYPoff

!output
0.0 0 118 -2 1/!name: DumpBYP


443.8 1 10 0 0.3e-3 /!name:SPS_SLTS_BSYS

0.0 0 1 -41 443.8 46 1.0 /!name: WakeBSYS
1 1 10 0 1.0/!name: WakeBSYSd
0.0 0 1 -41 443.8 46 -1.0 /!name: WakeBSYSoff

!output
0.0 0 120 -2 1/!name: DumpBSYS

341.8 1 10 0 0.3e-3 /!name:LTUS

0.0 0 1 -41 341.8 48 1.0 /!name: WakeLTUS
1 1 10 0 1.0/!name: WakeLTUSd
0.0 0 1 -41 341.8 48 -1.0 /!name: WakeLTUSoff

!output
0.0 0 122 -2 1/!name: DumpLTU


110.0 1 10 0 0.3e-3 /!name:SXR

0.0 0 1 -41 110.0 47 1.0 /!name: WakeSXR
1 1 10 0 1.0/!name: WakeSXRd
0.0 0 1 -41 110.0 47 -1.0 /!name: WakeSXRoff



!80.329601 1 10 0 0.2e-3 /
!97.748578593 1 10 0 0.2e-3 /

!output
!!0.0 0 220 -2 1024.0 /
